7.17282266974 -0.899509541256 -0.523090509483 -0.862268071865 -0.87693691729 -0.507681784996 -0.87021550793 -0.912612446645 -0.866960346433 -0.853547543846
-0.899509541256 7.65408770381 -0.543762356153 -0.953054431394 -0.933625000906 -0.532361562726 -0.966105846043 -0.957281521535 -0.93122619679 -0.93716124701
-0.523090509483 -0.543762356153 5.26174349115 -0.535174092382 -0.581482007856 -0.938802066667 -0.542660813317 -0.559413853723 -0.511523834853 -0.525833956719
-0.862268071865 -0.953054431394 -0.535174092382 7.61235750316 -0.903825704369 -0.526279471572 -0.9826873669 -0.91430785222 -0.95465961031 -0.980100902148
-0.87693691729 -0.933625000906 -0.581482007856 -0.903825704369 7.49976845305 -0.568247008898 -0.919683451359 -0.958676208436 -0.871433775408 -0.885858378525
-0.507681784996 -0.532361562726 -0.938802066667 -0.526279471572 -0.568247008898 5.17252840794 -0.533060677226 -0.54585250613 -0.502631366025 -0.517611963697
-0.87021550793 -0.966105846043 -0.542660813317 -0.9826873669 -0.919683451359 -0.533060677226 7.64946305021 -0.929219949652 -0.942618963118 -0.963210474664
-0.912612446645 -0.957281521535 -0.559413853723 -0.91430785222 -0.958676208436 -0.54585250613 -0.929219949652 7.56745100705 -0.892301013567 -0.897785655139
-0.866960346433 -0.93122619679 -0.511523834853 -0.95465961031 -0.871433775408 -0.502631366025 -0.942618963118 -0.892301013567 7.43946095255 -0.966105846043
-0.853547543846 -0.93716124701 -0.525833956719 -0.980100902148 -0.885858378525 -0.517611963697 -0.963210474664 -0.897785655139 -0.966105846043 7.52721596779
