44.8894488695 -0.999035465463 -0.0521868359898 -0.997039391271 -0.999190327961 -0.0531094712686 -0.998875632575 -0.999740033797 -0.0501844530726 -0.998136738032 -0.0473111160248 -0.9995750903 -0.997104200938 -0.0547572773217 -0.0578197422618 -0.0457588528986 -0.999095409389 -0.0572035110779 -0.995027404492 -0.0454953570995 -0.049922174309 -0.995505132291 -0.0515767133512 -0.999320231148 -0.054813158239 -0.999795021011 -0.059863698059 -0.0561749135417 -0.0541809992144 -0.0477037627763 -0.999395182976 -0.999675052807 -0.0505139875432 -0.0499663749892 -0.997478185131 -0.0527595753435 -0.0566960917044 -0.0431402000847 -0.998316418815 -0.0621686142897 -0.0498256683014 -0.0581569435255 -0.0531251408737 -0.0489270434295 -0.0508220481427 -0.0557844568206 -0.998700844634 -0.998471169853 -0.999100404879 -0.995963169993 -0.998151710195 -0.0533914317505 -0.999875007812 -0.0647743880433 -0.996874893343 -0.999875007812 -0.0496247786717 -0.0597850290322 -0.0476439321056 -0.998960540613 -0.0520281687677 -0.0460766023056 -0.996042850234 -0.0521388461794 -0.0529165042063 -0.0501368004808 -0.0462316800741 -0.0598490332495 -0.053909422601 -0.996082692745 -0.991035423583 -0.0549500878175 -0.0513546393025 -0.996281929206 -0.0487266095882 -0.0512169370439 -0.995385678843 -0.998700844634 -0.0497611858224 -0.999420168167 -0.997278709442 -0.0549500878175 -0.050073667894 -0.999695046508 -0.0539539162258 -0.999815017111 -0.0482169336059 -0.0516706684427 -0.0488722758165 -0.999000499833 -0.0501699016913 -0.998511109499 -0.999190327961 -0.995266239728 -0.0547241591882 -0.0409792269676 -0.999275262749 -0.999750031247 -0.0531772290308 -0.0491870451557
-0.999035465463 44.762513249 -0.0503070526488 -0.998271495587 -0.997777473478 -0.0510257434543 -0.999830014449 -0.998715825259 -0.0484809180852 -0.99884067254 -0.0455399644035 -0.997742551877 -0.998875632575 -0.0527379483514 -0.0557119841442 -0.0441375228512 -0.99991000405 -0.0551717076316 -0.99735350815 -0.0437803584234 -0.0480561576929 -0.99452504251 -0.0497069756797 -0.999135374005 -0.0528017998913 -0.998960540613 -0.0577229752585 -0.0540497694717 -0.0522968049814 -0.0458559645688 -0.999750031247 -0.998700844634 -0.0486871570149 -0.0481569408768 -0.996007989344 -0.0508098523147 -0.0545888843659 -0.0415696477256 -0.997313614808 -0.060034252779 -0.047993965247 -0.0560436179198 -0.05117777107 -0.0470633835325 -0.0489400108142 -0.0537568058245 -0.995803828633 -0.997538035618 -0.999155356912 -0.993650245439 -0.994927906726 -0.0516275414426 -0.998271495587 -0.0625511910928 -0.994052755292 -0.999180336108 -0.0477641462207 -0.0575774086012 -0.0457517608261 -0.99620222984 -0.0500744190047 -0.0444040321268 -0.997752529353 -0.0502512428005 -0.0509900379322 -0.0482101837077 -0.0445873541232 -0.0576500018602 -0.0519223991014 -0.995430472206 -0.990505361436 -0.0530179364021 -0.0494049330728 -0.995201549525 -0.0469785107459 -0.0492946363499 -0.998471169853 -0.996859940332 -0.0479716532411 -0.997538035618 -0.99723383291 -0.0530179364021 -0.0482294716385 -0.999100404879 -0.0520281687677 -0.999150361148 -0.0464374051053 -0.0498164514053 -0.0470017708651 -0.999935002112 -0.0483405270881 -0.999795021011 -0.998675877425 -0.996037870032 -0.0526523187782 -0.0394269770609 -0.999820016199 -0.999695046508 -0.0512376841044 -0.0473584508043
-0.0521868359898 -0.0503070526488 57.9995111398 -0.0436924482823 -0.0574830590389 -0.996461276094 -0.0524780653262 -0.0550262464167 -0.998236556697 -0.0452673163623 -0.998975525133 -0.0504763686372 -0.0447517378669 -0.999390186012 -0.998750780925 -0.99801696881 -0.0519714889598 -0.999275262749 -0.0420187219209 -0.998201619028 -0.999455148486 -0.0418175153377 -0.9999800002 -0.0477362123666 -0.999500124979 -0.049716918069 -0.998271495587 -0.997922161701 -0.999550101235 -0.997822374474 -0.0488940288189 -0.0492202576191 -0.99991000405 -0.999840012799 -0.0447541992802 -0.999675052807 -0.99855604351 -0.99687987773 -0.0456477938774 -0.997193944355 -0.999750031247 -0.998695851142 -0.999800019999 -0.998750780925 -0.999710042046 -0.999455148486 -0.0509604722851 -0.0458818805093 -0.0471686878284 -0.0439281471154 -0.0504756114974 -0.997433299623 -0.0520640805923 -0.995848640814 -0.0462272882731 -0.0502165814026 -0.999350211204 -0.997458235767 -0.996162382548 -0.0514818994542 -0.999275262749 -0.998655904107 -0.0426358427653 -0.99999000005 -0.999915003612 -0.998376319598 -0.998376319598 -0.997617841853 -0.9995750903 -0.0422204744103 -0.0377635850179 -0.999675052807 -0.998895610288 -0.0427665082605 -0.999515117593 -0.999350211204 -0.0512161687956 -0.0475808456995 -0.999775025311 -0.0564181141032 -0.0435084546501 -0.999675052807 -0.99975503001 -0.0491317408444 -0.999900005 -0.0540697715865 -0.999420168167 -0.9999800002 -0.998541065281 -0.0516624017971 -0.999855010512 -0.0478671889444 -0.0473018912566 -0.0410198164908 -0.998376319598 -0.995186621614 -0.0488436938962 -0.05032239864 -0.99987000845 -0.999500124979
-0.997039391271 -0.998271495587 -0.0436924482823 44.3863970609 -0.993456502532 -0.0443898251098 -0.997024435793 -0.995385678843 -0.0420361633093 -0.99987000845 -0.0394735283537 -0.996874893343 -0.999815017111 -0.0458743106235 -0.0485223869956 -0.0381997999612 -0.997403377073 -0.0480225301535 -0.999660057793 -0.0379145627224 -0.0417103908568 -0.998061880584 -0.0431617755782 -0.999135374005 -0.0459280149779 -0.998151710195 -0.0503070526488 -0.0470633835325 -0.0454451124952 -0.039774868932 -0.998960540613 -0.998191637062 -0.0422525741672 -0.0417815677342 -0.998031939176 -0.0441560645043 -0.0475323379801 -0.0359363845326 -0.998700844634 -0.0523475574932 -0.0416451651475 -0.0488165931672 -0.0444789159929 -0.0408385006149 -0.0424915519694 -0.0467741303122 -0.995027404492 -0.998775750006 -0.999375195272 -0.996386544301 -0.994490234742 -0.0448222773894 -0.996545978902 -0.0546011682467 -0.995684339343 -0.998071861252 -0.0414523791905 -0.0501997616652 -0.0396983759574 -0.995126912208 -0.0435108476809 -0.0384481384126 -0.9999200032 -0.0436457223654 -0.044307336773 -0.041865005163 -0.0386006949032 -0.0502610427483 -0.0451463881047 -0.998630938022 -0.996356653153 -0.0460943452128 -0.042921388966 -0.99822158326 -0.0407285890282 -0.0428157180351 -0.995490199826 -0.997478185131 -0.0416129026479 -0.99385396462 -0.999500124979 -0.0460943452128 -0.041855795875 -0.998511109499 -0.0452207150303 -0.996147440224 -0.040263094453 -0.0432533756041 -0.0407866686394 -0.997538035618 -0.0419488189592 -0.999215308032 -0.999015484953 -0.999480135177 -0.0458158581489 -0.0340581813722 -0.998990509878 -0.998316418815 -0.0445292055762 -0.0410863224488
-0.999190327961 -0.997777473478 -0.0574830590389 -0.993456502532 45.0960362362 -0.0584624857311 -0.998336385344 -0.999830014449 -0.0553222555633 -0.995087107927 -0.0521923158953 -0.998136738032 -0.993968264398 -0.0602601051707 -0.0635730907235 -0.0505162607238 -0.998376319598 -0.0629125255978 -0.990916506468 -0.0502208499934 -0.0550232200564 -0.991035423583 -0.0568212445169 -0.997074288261 -0.0603216018359 -0.9981766643 -0.0657848967284 -0.0617868327202 -0.059647383238 -0.0526112659823 -0.997597889695 -0.997877256214 -0.0556704941729 -0.0550768938577 -0.994072636545 -0.0580982346655 -0.0623544648473 -0.0476682367081 -0.995266239728 -0.0682809136646 -0.054921795808 -0.0639380904828 -0.0584955263686 -0.0539409688396 -0.0559999209419 -0.0613739377839 -0.99735350815 -0.99551010983 -0.996675538301 -0.992205535614 -0.99662570577 -0.0587993193397 -0.998975525133 -0.0710916776756 -0.993918567227 -0.998436223974 -0.0547003593558 -0.0656925338487 -0.0525405513957 -0.997792440252 -0.0573031318321 -0.0508578903195 -0.992106320021 -0.0574301989439 -0.0582710429157 -0.055249830857 -0.0510290602354 -0.065762862479 -0.059343065828 -0.991788896789 -0.984988808306 -0.0604777348917 -0.0565714974066 -0.992165848186 -0.0537345013785 -0.0564248846831 -0.994669259096 -0.996276947809 -0.054855654902 -0.99987000845 -0.99351611171 -0.0604777348917 -0.0551901932498 -0.997897213959 -0.0593973895826 -0.999635066604 -0.0531772290308 -0.0569247533463 -0.0538805887737 -0.998191637062 -0.0552962602126 -0.996446329287 -0.996765243136 -0.990619276103 -0.0602182389478 -0.0453130594482 -0.997478185131 -0.998401279318 -0.0585528800832 -0.0542276149156
-0.0531094712686 -0.0510257434543 -0.996461276094 -0.0443898251098 -0.0584624857311 57.9027095497 -0.0531931845928 -0.0559587761226 -0.989802352227 -0.0460142107893 -0.996874893343 -0.0514860181709 -0.0453992361031 -0.998416255449 -0.997757518128 -0.991228694334 -0.0527028892742 -0.996147440224 -0.0426194311253 -0.996042850234 -0.998071861252 -0.0427047552833 -0.996740324316 -0.0485714193636 -0.998156700966 -0.0506211907921 -0.996381562381 -0.999375195272 -0.994012993977 -0.99859598655 -0.0496764152879 -0.0501375525384 -0.996162382548 -0.996022929576 -0.0457014615588 -0.998271495587 -0.998750780925 -0.991218782097 -0.046555738817 -0.992940039443 -0.997039391271 -0.9975529988 -0.997877256214 -0.99855604351 -0.997877256214 -0.997662735666 -0.0520838687024 -0.0467841878313 -0.0479795692169 -0.0449472814192 -0.0516301228842 -0.988106295977 -0.0530550619501 -0.992245224629 -0.0473111160248 -0.0511074499916 -0.998116775497 -0.998001998667 -0.999000499833 -0.05259364416 -0.998910593834 -0.993769490623 -0.0432903730544 -0.996820066732 -0.997403377073 -0.999280259138 -0.992021994568 -0.997792440252 -0.998311427246 -0.0430813538832 -0.0385891164316 -0.995161742259 -0.999200319915 -0.0436677690215 -0.994604607696 -0.998695851142 -0.0517068505729 -0.0485782198383 -0.99537074817 -0.0574511647926 -0.0443206309681 -0.995161742259 -0.997263750374 -0.0500103647518 -0.99620222984 -0.0549613537402 -0.996501135342 -0.996003009316 -0.998715825259 -0.0523815944664 -0.99662570577 -0.0485573356942 -0.0481684999296 -0.0417537922281 -0.999470140425 -0.991823610008 -0.0496069169667 -0.0511470736175 -0.997577937937 -0.997458235767
-0.998875632575 -0.999830014449 -0.0524780653262 -0.997024435793 -0.998336385344 -0.0531931845928 44.8529052906 -0.998975525133 -0.0506039825128 -0.997792440252 -0.0475323379801 -0.997193944355 -0.997897213959 -0.0549852671298 -0.0580639668171 -0.0460943452128 -0.9999800002 -0.0575141082733 -0.995968149821 -0.0457080887512 -0.0501375525384 -0.992627312587 -0.0518552031133 -0.998376319598 -0.0550529406191 -0.998431231805 -0.060149027777 -0.0563327053738 -0.0545471398386 -0.0478492421138 -0.999260273732 -0.998071861252 -0.0508004533614 -0.0502512428005 -0.994564824307 -0.052990374242 -0.0568962980841 -0.0434265184622 -0.99608767317 -0.0625511910928 -0.050078174727 -0.0584078488536 -0.0533735486165 -0.0491042347719 -0.0510550916936 -0.0560436179198 -0.995186621614 -0.996361634949 -0.998336385344 -0.991952555458 -0.994191932419 -0.053868467005 -0.998001998667 -0.0651514968652 -0.992681908591 -0.998750780925 -0.0498343885563 -0.059987144383 -0.0477333482798 -0.995684339343 -0.0522244240418 -0.0463643237589 -0.996386544301 -0.0524187986043 -0.0531814833793 -0.0502881910408 -0.0465594634251 -0.0600639770903 -0.0541420029353 -0.993650245439 -0.987903754948 -0.0552899015083 -0.0515282540201 -0.993461469827 -0.0490338207292 -0.051417844372 -0.998780743897 -0.995843661583 -0.0500614013481 -0.997877256214 -0.995768976109 -0.0552899015083 -0.0503213922021 -0.998511109499 -0.0542615177685 -0.999320231148 -0.048465649001 -0.0519714889598 -0.0490389695507 -0.999975000312 -0.0504392821372 -0.999275262749 -0.997797429227 -0.994236672063 -0.0548877548484 -0.0411955515724 -0.999350211204 -0.999375195272 -0.0534371009455 -0.0494170387643
-0.999740033797 -0.998715825259 -0.0550262464167 -0.995385678843 -0.999830014449 -0.0559587761226 -0.998975525133 45.006953669 -0.0529519701438 -0.996740324316 -0.049922174309 -0.998855655262 -0.995768976109 -0.0577007561905 -0.0608986056658 -0.0483151549721 -0.999075427681 -0.0602652274973 -0.993178373651 -0.0480225301535 -0.0526499494772 -0.993098922559 -0.0543872786942 -0.998301444182 -0.0577607961923 -0.999075427681 -0.0630362702499 -0.0591697409717 -0.057118626906 -0.0503213922021 -0.998695851142 -0.998835678349 -0.0532783618117 -0.0527060515424 -0.995644512766 -0.0556156857337 -0.059719898853 -0.0455693471555 -0.996740324316 -0.0654528658974 -0.0525544764868 -0.0612513125744 -0.0559999209419 -0.0516045722977 -0.0535925614207 -0.0587772737288 -0.997922161701 -0.996954646525 -0.998001998667 -0.99383408774 -0.99723383291 -0.0563087690608 -0.999495127491 -0.0681676613733 -0.995161742259 -0.999275262749 -0.0523383974721 -0.0629421014346 -0.0502502377857 -0.998301444182 -0.0548468786993 -0.0486409261788 -0.994231700892 -0.0549745460481 -0.0557844568206 -0.0528646714343 -0.0488085390938 -0.0630107457295 -0.0568164149163 -0.993814211257 -0.987750641732 -0.0579178298307 -0.0541401079984 -0.994072636545 -0.0514137311089 -0.0540003365516 -0.995604687782 -0.997403377073 -0.0524938111075 -0.999800019999 -0.995385678843 -0.0579178298307 -0.0528128894337 -0.998895610288 -0.0568735441159 -0.999955001012 -0.0508728956103 -0.05448853317 -0.0515457766052 -0.998940561602 -0.0529165042063 -0.997752529353 -0.998031939176 -0.992940039443 -0.0576566319916 -0.0432979495326 -0.99859598655 -0.999270266385 -0.0560559488721 -0.0518839907389
-0.0501844530726 -0.0484809180852 -0.998236556697 -0.0420361633093 -0.0553222555633 -0.989802352227 -0.0506039825128 -0.0529519701438 57.7736345624 -0.043541315937 -0.996605773455 -0.0484576528286 -0.0431026844323 -0.995684339343 -0.994848315677 -0.999000499833 -0.0500984604953 -0.996874893343 -0.0404655210321 -0.996022929576 -0.996386544301 -0.0400837204867 -0.998056890287 -0.0458944997615 -0.996042850234 -0.047783972455 -0.994848315677 -0.992463542592 -0.999015484953 -0.993456502532 -0.0470593833149 -0.0472905401649 -0.998416255449 -0.998436223974 -0.0429110890687 -0.996406472231 -0.993918567227 -0.997313614808 -0.0438086058634 -0.995246334602 -0.997597889695 -0.994873187196 -0.996859940332 -0.994947805483 -0.99687987773 -0.996237097528 -0.0488573720453 -0.0440407472386 -0.0453561273087 -0.0420588689674 -0.0483639779301 -0.9995750903 -0.0500203678251 -0.993297562207 -0.0442615024028 -0.0482806219833 -0.99620222984 -0.992379186776 -0.990396411839 -0.0493740646371 -0.995350840954 -0.998301444182 -0.0410327397683 -0.997977048929 -0.997393403089 -0.993729740639 -0.999020480043 -0.992786145664 -0.996127517474 -0.0404938568132 -0.0361685616569 -0.998381311492 -0.994564824307 -0.0410007467102 -0.998960540613 -0.995684339343 -0.0495186951952 -0.0456382088472 -0.998790731755 -0.0542468691363 -0.0417821944625 -0.998381311492 -0.997433299623 -0.0472291024059 -0.998116775497 -0.0520440397794 -0.997538035618 -0.99855604351 -0.994490234742 -0.0498044968916 -0.998031939176 -0.0461167063924 -0.0454501117325 -0.0394041160445 -0.993262797401 -0.994236672063 -0.0470226913076 -0.0484268919867 -0.997178986558 -0.996939692317
-0.998136738032 -0.99884067254 -0.0452673163623 -0.99987000845 -0.995087107927 -0.0460142107893 -0.997792440252 -0.996740324316 -0.043541315937 44.5020707979 -0.0409261932154 -0.997982038827 -0.999695046508 -0.0475249710386 -0.0502512428005 -0.039596086158 -0.998151710195 -0.049727111082 -0.999150361148 -0.0393188984146 -0.043234132134 -0.998151710195 -0.0447219878542 -0.999675052807 -0.0475787046097 -0.999000499833 -0.0520838687024 -0.0487597549509 -0.0470633835325 -0.0412472844452 -0.99951012003 -0.999020480043 -0.0437834231558 -0.0432979495326 -0.99852109466 -0.0457535909331 -0.0492372415375 -0.0372670768605 -0.999190327961 -0.0541715183691 -0.0431617755782 -0.0505534038238 -0.0460839751518 -0.0423401275823 -0.0440372241198 -0.0484479622671 -0.996381562381 -0.999275262749 -0.999815017111 -0.996954646525 -0.995863578656 -0.0464053743476 -0.997752529353 -0.0564923527245 -0.996580858622 -0.998940561602 -0.0429688433145 -0.0519847433794 -0.0411757824526 -0.996501135342 -0.0450931467853 -0.0398590818035 -0.999590084039 -0.0452207150303 -0.0459048271857 -0.0434022064199 -0.0400108344618 -0.0520461215826 -0.0467741303122 -0.998700844634 -0.995908393525 -0.0477362123666 -0.0444884799879 -0.998431231805 -0.0422088653762 -0.0443758445169 -0.995759018469 -0.998316418815 -0.0431218693952 -0.995485222388 -0.999590084039 -0.0477362123666 -0.0433796431395 -0.999260273732 -0.0468403625548 -0.99735350815 -0.0417368853661 -0.0448133138303 -0.0422880812404 -0.998236556697 -0.0434725749774 -0.999495127491 -0.9995750903 -0.999150361148 -0.0474734344087 -0.0353376963344 -0.999500124979 -0.999075427681 -0.0461342340709 -0.042588543236
-0.0473111160248 -0.0455399644035 -0.998975525133 -0.0394735283537 -0.0521923158953 -0.996874893343 -0.0475323379801 -0.049922174309 -0.996605773455 -0.0409261932154 57.7669859599 -0.0457609120933 -0.0404321507444 -0.9981766643 -0.996580858622 -0.998401279318 -0.0470706789223 -0.996755275533 -0.0379211983514 -0.999875007812 -0.999740033797 -0.0378015564983 -0.999235292538 -0.0432079833948 -0.9981766643 -0.0450399682536 -0.995266239728 -0.996859940332 -0.99735849493 -0.999415171079 -0.044257740335 -0.0445873541232 -0.999395182976 -0.999495127491 -0.0405019563945 -0.999000499833 -0.997024435793 -0.998551050742 -0.0413110607542 -0.992920180841 -0.999735035109 -0.996386544301 -0.998875632575 -0.999675052807 -0.9995750903 -0.99771262005 -0.0462316800741 -0.0415241538737 -0.042682341171 -0.0397627394468 -0.045794100784 -0.994490234742 -0.047213991511 -0.991015603073 -0.0418828015717 -0.0454953570995 -0.999775025311 -0.995082132504 -0.998271495587 -0.0467075246443 -0.999100404879 -0.999420168167 -0.0384973835399 -0.999075427681 -0.998910593834 -0.999150361148 -0.998700844634 -0.995131887855 -0.998561036303 -0.0381639090207 -0.0340847571169 -0.997503122397 -0.999110395933 -0.0386725590086 -0.999320231148 -0.999375195272 -0.0463253940797 -0.0431026844323 -0.999350211204 -0.0512248762845 -0.0393308925077 -0.997503122397 -0.999710042046 -0.0444973785738 -0.998256521627 -0.0490338207292 -0.999915003612 -0.999015484953 -0.9995750903 -0.0467841878313 -0.999590084039 -0.0432957846893 -0.042817002526 -0.0370374765213 -0.99768268912 -0.998301444182 -0.0442073152588 -0.0455775503762 -0.998835678349 -0.999875007812
-0.9995750903 -0.997742551877 -0.0504763686372 -0.996874893343 -0.998136738032 -0.0514860181709 -0.997193944355 -0.998855655262 -0.0484576528286 -0.997982038827 -0.0457609120933 44.7945783113 -0.996381562381 -0.0530160808068 -0.0559946012021 -0.0441887520849 -0.997592901718 -0.0553585035106 -0.99452504251 -0.0439962885394 -0.0483086328664 -0.99711417203 -0.0498882387699 -0.999235292538 -0.0530643473984 -0.999740033797 -0.0579670809148 -0.0544359770979 -0.0523815944664 -0.0461836241203 -0.998750780925 -0.999800019999 -0.0488480900264 -0.0483151549721 -0.998780743897 -0.0510665803816 -0.054921795808 -0.04166370137 -0.999150361148 -0.0601652702072 -0.0481949998914 -0.0563200319409 -0.0514137311089 -0.0473589243911 -0.0491764710777 -0.0540014165691 -0.999695046508 -0.999215308032 -0.998975525133 -0.997952099815 -0.999435159582 -0.05155428236 -0.99987000845 -0.0627115272847 -0.998715825259 -0.999640064792 -0.0480218098209 -0.0579343387646 -0.0461552299236 -0.999775025311 -0.0503717387634 -0.0445231945392 -0.995798849627 -0.0504354993329 -0.0512015742674 -0.0485517519217 -0.0446533922635 -0.0579899824345 -0.0521868359898 -0.997403377073 -0.993262797401 -0.0531453322634 -0.049727111082 -0.997752529353 -0.0470951620404 -0.0495784011885 -0.992577682463 -0.999675052807 -0.0481071242275 -0.998835678349 -0.997952099815 -0.0531453322634 -0.0484392424187 -0.999600079989 -0.0521907501493 -0.99887063821 -0.0466291218797 -0.0499681238429 -0.0473111160248 -0.997478185131 -0.0485216591652 -0.997478185131 -0.999395182976 -0.99595819019 -0.0530179364021 -0.039596086158 -0.99852109466 -0.999095409389 -0.0514584805182 -0.0475844143968
-0.997104200938 -0.998875632575 -0.0447517378669 -0.999815017111 -0.993968264398 -0.0453992361031 -0.997897213959 -0.995768976109 -0.0431026844323 -0.999695046508 -0.0404321507444 -0.996381562381 44.4345375623 -0.0469550273619 -0.0496565486954 -0.0391682033644 -0.998156700966 -0.0491676201095 -0.999675052807 -0.0388407626526 -0.0427096666125 -0.996720389709 -0.0442073152588 -0.998940561602 -0.0470132877098 -0.997957089588 -0.0514860181709 -0.0481446624224 -0.0465594634251 -0.0407163722841 -0.999135374005 -0.997877256214 -0.0432834471488 -0.0428030892612 -0.996919753723 -0.0452057946563 -0.0486350896179 -0.0368463026693 -0.997897213959 -0.0535925614207 -0.0426543933914 -0.0499581312174 -0.0455399644035 -0.041809779813 -0.0435108476809 -0.0478808330375 -0.994177019652 -0.998031939176 -0.999200319915 -0.99482841891 -0.993451535262 -0.045958107682 -0.996341707915 -0.0558846798438 -0.994246614479 -0.99799700867 -0.042445049185 -0.0513515581165 -0.0406214104658 -0.994395762657 -0.044538112308 -0.039407071464 -0.999775025311 -0.0447007499544 -0.0453701898877 -0.0428478418686 -0.0395745121705 -0.051417844372 -0.0462150396648 -0.997478185131 -0.994569797144 -0.0472128111759 -0.0439307828833 -0.996979570703 -0.0417368853661 -0.0438313922624 -0.997079273645 -0.996605773455 -0.0426358427653 -0.994057725568 -0.998775750006 -0.0472128111759 -0.0428675564099 -0.998336385344 -0.0463133510429 -0.996560927204 -0.0412450159069 -0.044307336773 -0.0417537922281 -0.998301444182 -0.0429688433145 -0.999630068442 -0.998630938022 -0.998715825259 -0.0468759747613 -0.0349104174516 -0.999235292538 -0.998511109499 -0.0455946451627 -0.0420782204977
-0.0547572773217 -0.0527379483514 -0.999390186012 -0.0458743106235 -0.0602601051707 -0.998416255449 -0.0549852671298 -0.0577007561905 -0.995684339343 -0.0475249710386 -0.9981766643 -0.0530160808068 -0.0469550273619 58.0894500221 -0.999740033797 -0.995385678843 -0.0544664697822 -0.999455148486 -0.0441037705581 -0.99711417203 -0.999275262749 -0.0439962885394 -0.999390186012 -0.0501154968679 -0.99999000005 -0.0521923158953 -0.999200319915 -0.999550101235 -0.99852109466 -0.998071861252 -0.0512966413351 -0.0516822956511 -0.999000499833 -0.998830684183 -0.0470633835325 -0.999875007812 -0.999815017111 -0.994231700892 -0.0479762107646 -0.997582925839 -0.999100404879 -0.999675052807 -0.99987000845 -0.99884067254 -0.999500124979 -0.999915003612 -0.0535572020001 -0.0482169336059 -0.0495186951952 -0.0462316800741 -0.0530656740236 -0.995012479193 -0.0546541570754 -0.996755275533 -0.0486382510015 -0.0527052609576 -0.999180336108 -0.999215308032 -0.997119157613 -0.0540932970536 -0.999735035109 -0.996720389709 -0.0447631510152 -0.999500124979 -0.99975503001 -0.999015484953 -0.995963169993 -0.999255277444 -0.999975000312 -0.0444051422415 -0.0397669147536 -0.999095409389 -0.999495127491 -0.0449857277783 -0.997957089588 -0.999600079989 -0.0535976529559 -0.0500113649691 -0.998536072589 -0.0591768417666 -0.0457240893822 -0.999095409389 -0.999215308032 -0.0515769712355 -0.999470140425 -0.0566960917044 -0.998471169853 -0.999150361148 -0.998750780925 -0.0541420029353 -0.999075427681 -0.0501997616652 -0.0496764152879 -0.0431147548737 -0.999695046508 -0.992979757839 -0.0512376841044 -0.0527915045442 -0.999820016199 -0.998990509878
-0.0578197422618 -0.0557119841442 -0.998750780925 -0.0485223869956 -0.0635730907235 -0.997757518128 -0.0580639668171 -0.0608986056658 -0.994848315677 -0.0502512428005 -0.996580858622 -0.0559946012021 -0.0496565486954 -0.999740033797 58.1718230719 -0.993635340797 -0.0575207227761 -0.999675052807 -0.0466683067974 -0.995161742259 -0.998156700966 -0.046547126802 -0.998630938022 -0.0529628264105 -0.999750031247 -0.0551355819955 -0.999820016199 -0.999470140425 -0.998301444182 -0.996476223125 -0.0542013208992 -0.0546011682467 -0.998061880584 -0.997792440252 -0.0497611858224 -0.999275262749 -0.999855010512 -0.991907918598 -0.050719237626 -0.998640924381 -0.998001998667 -0.999995000012 -0.999350211204 -0.997503122397 -0.998561036303 -0.999855010512 -0.0565570735139 -0.0509716848223 -0.0523383974721 -0.0488866952646 -0.0560413762199 -0.994793600525 -0.0577097005008 -0.998191637062 -0.0514067907237 -0.0556729994015 -0.998001998667 -0.99975503001 -0.995465312883 -0.057118626906 -0.998975525133 -0.994967704639 -0.0473584508043 -0.99884067254 -0.999215308032 -0.997877256214 -0.994291356584 -0.999815017111 -0.9995750903 -0.0469768665268 -0.0421104226521 -0.998975525133 -0.99859598655 -0.0475844143968 -0.996720389709 -0.998700844634 -0.0566167727123 -0.0528485501682 -0.997478185131 -0.0624390124152 -0.0483615597916 -0.998975525133 -0.998156700966 -0.0544920750398 -0.999150361148 -0.0598490332495 -0.997074288261 -0.998431231805 -0.997393403089 -0.0571814919651 -0.998056890287 -0.0530550619501 -0.0525019482788 -0.0456272569913 -0.999375195272 -0.990124090271 -0.0541401079984 -0.0557652145025 -0.999320231148 -0.997752529353
-0.0457588528986 -0.0441375228512 -0.99801696881 -0.0381997999612 -0.0505162607238 -0.991228694334 -0.0460943452128 -0.0483151549721 -0.999000499833 -0.039596086158 -0.998401279318 -0.0441887520849 -0.0391682033644 -0.995385678843 -0.993635340797 57.6067543782 -0.0456320481048 -0.995241358383 -0.0367328069827 -0.998436223974 -0.997503122397 -0.036453237652 -0.998116775497 -0.0417836568649 -0.995624600075 -0.043541315937 -0.992801037568 -0.992403996566 -0.997597889695 -0.995903413995 -0.0428433430814 -0.0430899710157 -0.998675877425 -0.998855655262 -0.0390666936425 -0.996605773455 -0.993362128647 -0.999590084039 -0.0398822067765 -0.991888080638 -0.998376319598 -0.993521079303 -0.99680013053 -0.996720389709 -0.997577937937 -0.99540060974 -0.0445862394533 -0.0400943440802 -0.0412819467202 -0.0383015466923 -0.0441395090844 -0.997278709442 -0.0456247475612 -0.989431245932 -0.0403437012218 -0.0439956286 -0.997458235767 -0.991030468419 -0.993411797995 -0.0450595649018 -0.996067751616 -0.999740033797 -0.0372670768605 -0.997877256214 -0.99723383291 -0.99540060974 -0.9999800002 -0.991317908931 -0.996007989344 -0.0368232809252 -0.0328453531723 -0.997024435793 -0.995679360934 -0.0372991403319 -0.999480135177 -0.996580858622 -0.0450390674632 -0.0415885662189 -0.999110395933 -0.0495362774526 -0.0379948368825 -0.997024435793 -0.998191637062 -0.0430236635302 -0.997298655216 -0.0474667885931 -0.998795725721 -0.998376319598 -0.996381562381 -0.0453579415901 -0.998551050742 -0.0419523847604 -0.0413823838324 -0.0357907785914 -0.993540949924 -0.997982038827 -0.042804801419 -0.044113915592 -0.996999510493 -0.998116775497
-0.999095409389 -0.99991000405 -0.0519714889598 -0.997403377073 -0.998376319598 -0.0527028892742 -0.9999800002 -0.999075427681 -0.0500984604953 -0.998151710195 -0.0470706789223 -0.997592901718 -0.998156700966 -0.0544664697822 -0.0575207227761 -0.0456320481048 44.8397077778 -0.0569680326029 -0.996306836566 -0.0452614319937 -0.0496565486954 -0.993362128647 -0.0513546393025 -0.998715825259 -0.0545324140989 -0.998750780925 -0.059586275993 -0.0558112397873 -0.054017349337 -0.0473930350951 -0.999480135177 -0.998431231805 -0.0503070526488 -0.049762181056 -0.995201549525 -0.0524862000567 -0.0563662333071 -0.0429901181571 -0.99662570577 -0.0619610076905 -0.0495937728754 -0.0578613874667 -0.0528646714343 -0.0486350896179 -0.0505652852697 -0.0555137245284 -0.995684339343 -0.99687987773 -0.998675877425 -0.992726580282 -0.99474883582 -0.0533324668026 -0.998301444182 -0.0645432330418 -0.99339689693 -0.999030470298 -0.0493562931728 -0.0594342273827 -0.0472839199527 -0.996142459499 -0.0517296065931 -0.0459048271857 -0.996765243136 -0.0519138326123 -0.0526723304613 -0.0498127153116 -0.0460943452128 -0.0595091617079 -0.0536290167559 -0.99432615739 -0.988813044611 -0.0547572773217 -0.0510410534737 -0.994157136311 -0.0485517519217 -0.0509286319411 -0.998561036303 -0.996381562381 -0.0495722042757 -0.99801696881 -0.996306836566 -0.0547572773217 -0.0498356344316 -0.998830684183 -0.0537398750974 -0.999420168167 -0.047993965247 -0.0514677438783 -0.0485714193636 -0.999995000012 -0.0499503883072 -0.999435159582 -0.998196628033 -0.994813496596 -0.0543764023261 -0.0407840175921 -0.999550101235 -0.9995750903 -0.0529265592973 -0.0489400108142
-0.0572035110779 -0.0551717076316 -0.999275262749 -0.0480225301535 -0.0629125255978 -0.996147440224 -0.0575141082733 -0.0602652274973 -0.996874893343 -0.049727111082 -0.996755275533 -0.0553585035106 -0.0491676201095 -0.999455148486 -0.999675052807 -0.995241358383 -0.0569680326029 58.1568716889 -0.0462088010555 -0.995385678843 -0.998071861252 -0.0459948888787 -0.999075427681 -0.0523973113021 -0.9995750903 -0.0545375949244 -0.999735035109 -0.998436223974 -0.999395182976 -0.995783912756 -0.0536472537217 -0.0540014165691 -0.998675877425 -0.998436223974 -0.0491742581863 -0.999150361148 -0.999190327961 -0.993223067684 -0.0501405608818 -0.999235292538 -0.998316418815 -0.999710042046 -0.999375195272 -0.997079273645 -0.99859598655 -0.999800019999 -0.055881606271 -0.0503936552362 -0.0517836922869 -0.0482806219833 -0.0553582267188 -0.997039391271 -0.05707180883 -0.99855604351 -0.050767951473 -0.0550768938577 -0.997877256214 -0.998940561602 -0.994157136311 -0.0564443546267 -0.998551050742 -0.995998029314 -0.0468780842276 -0.999255277444 -0.999420168167 -0.997104200938 -0.995759018469 -0.999110395933 -0.999390186012 -0.0464311364787 -0.0415995886494 -0.999750031247 -0.997982038827 -0.0470226913076 -0.99771262005 -0.998376319598 -0.0561468331057 -0.0522309525029 -0.998301444182 -0.0617661375978 -0.0478250843469 -0.999750031247 -0.998401279318 -0.053905379546 -0.999695046508 -0.0592336788121 -0.997478185131 -0.999095409389 -0.996859940332 -0.0566343266325 -0.99852109466 -0.0525363483197 -0.0519283705206 -0.0451292357364 -0.998471169853 -0.990792649646 -0.0535925614207 -0.0551901932498 -0.999455148486 -0.997877256214
-0.995027404492 -0.99735350815 -0.0420187219209 -0.999660057793 -0.990916506468 -0.0426194311253 -0.995968149821 -0.993178373651 -0.0404655210321 -0.999150361148 -0.0379211983514 -0.99452504251 -0.999675052807 -0.0441037705581 -0.0466683067974 -0.0367328069827 -0.996306836566 -0.0462088010555 44.227313142 -0.0364140714771 -0.0400781091586 -0.996725373324 -0.0415017368838 -0.997797429227 -0.0441598179293 -0.996356653153 -0.0484080091812 -0.0452279509235 -0.0437383494468 -0.0381854777218 -0.997822374474 -0.996356653153 -0.0406266915925 -0.04017139917 -0.996237097528 -0.042445049185 -0.0456959777125 -0.0345321329004 -0.997084259054 -0.0504158333233 -0.0400282429608 -0.0469550273619 -0.0427630870766 -0.0392230772519 -0.0408385006149 -0.0449841533054 -0.992106320021 -0.997178986558 -0.998196628033 -0.994216787528 -0.991431917046 -0.0431768848436 -0.994216787528 -0.05259364416 -0.993098922559 -0.996316799684 -0.039827008154 -0.0482748286563 -0.0380922282727 -0.992245224629 -0.041809779813 -0.0369553445237 -0.999900005 -0.0419695887647 -0.0426032388182 -0.0402049562965 -0.03711682159 -0.0483385935056 -0.0434022064199 -0.997433299623 -0.995559886579 -0.0443561016592 -0.041232644258 -0.996765243136 -0.0391629160138 -0.0411401808007 -0.995589753824 -0.995306051174 -0.0400140354566 -0.991134532081 -0.99852109466 -0.0443561016592 -0.0402298910984 -0.996874893343 -0.0435006238331 -0.994177019652 -0.0386928674326 -0.0415981326893 -0.0391693784281 -0.996521065564 -0.0403273653311 -0.99861595867 -0.997538035618 -0.999100404879 -0.0440246752992 -0.0326965732548 -0.997952099815 -0.99687987773 -0.0428157180351 -0.0394808316319
-0.0454953570995 -0.0437803584234 -0.998201619028 -0.0379145627224 -0.0502208499934 -0.996042850234 -0.0457080887512 -0.0480225301535 -0.996022929576 -0.0393188984146 -0.999875007812 -0.0439962885394 -0.0388407626526 -0.99711417203 -0.995161742259 -0.998436223974 -0.0452614319937 -0.995385678843 -0.0364140714771 57.6524916265 -0.999275262749 -0.0363006366245 -0.998541065281 -0.0415256072446 -0.997104200938 -0.0432979495326 -0.993610500224 -0.995649491001 -0.996316799684 -0.999260273732 -0.0425404453625 -0.0428602695447 -0.998830684183 -0.999000499833 -0.038910544432 -0.9981766643 -0.995744082196 -0.998975525133 -0.039692223186 -0.990990827993 -0.999270266385 -0.994927906726 -0.998001998667 -0.999350211204 -0.998990509878 -0.996521065564 -0.0444529034365 -0.0398981628502 -0.0410171502894 -0.0381969350837 -0.0440299585772 -0.993491274118 -0.045401960139 -0.988822932791 -0.0402467912014 -0.0437383494468 -0.999350211204 -0.993456502532 -0.998136738032 -0.0449131344628 -0.998376319598 -0.999435159582 -0.0369710538831 -0.998311427246 -0.998056890287 -0.998675877425 -0.998675877425 -0.993496241587 -0.997597889695 -0.0366504343289 -0.0327107993582 -0.996381562381 -0.998476162222 -0.0371422553228 -0.998975525133 -0.998750780925 -0.0445394484714 -0.0414252367723 -0.998875632575 -0.0492845319852 -0.0377775601296 -0.996381562381 -0.999215308032 -0.0427729237178 -0.997263750374 -0.0471623204853 -0.999660057793 -0.998301444182 -0.999260273732 -0.0449841533054 -0.999075427681 -0.0416095737488 -0.0411477924382 -0.0355612043784 -0.996640655267 -0.999075427681 -0.0424915519694 -0.0438173684608 -0.997952099815 -0.999500124979
-0.049922174309 -0.0480561576929 -0.999455148486 -0.0417103908568 -0.0550232200564 -0.998071861252 -0.0501375525384 -0.0526499494772 -0.996386544301 -0.043234132134 -0.999740033797 -0.0483086328664 -0.0427096666125 -0.999275262749 -0.998156700966 -0.997503122397 -0.0496565486954 -0.998071861252 -0.0400781091586 -0.999275262749 57.9019959856 -0.0399740414215 -0.999635066604 -0.0456272569913 -0.999255277444 -0.0475475507621 -0.997079273645 -0.998376319598 -0.99801696881 -0.999455148486 -0.0467208381859 -0.0470753862255 -0.9995750903 -0.9995750903 -0.042804801419 -0.999740033797 -0.99852109466 -0.99723383291 -0.0436485594296 -0.994888110406 -0.999875007812 -0.998001998667 -0.999635066604 -0.999855010512 -0.999955001012 -0.998910593834 -0.0488085390938 -0.0438710776273 -0.0450757892653 -0.0420361633093 -0.0483533390252 -0.99474883582 -0.0498256683014 -0.99339689693 -0.0442588467924 -0.0480225301535 -0.999995000012 -0.997074288261 -0.998471169853 -0.0493049893106 -0.999800019999 -0.998720818851 -0.040685439597 -0.9995750903 -0.999590084039 -0.999630068442 -0.997922161701 -0.997104200938 -0.999500124979 -0.0403515690106 -0.0360760885551 -0.998361344065 -0.999750031247 -0.0408869229227 -0.999100404879 -0.999915003612 -0.0488585934949 -0.0455288084789 -0.999350211204 -0.054017349337 -0.0415696477256 -0.998361344065 -0.99991000405 -0.0469785107459 -0.999015484953 -0.0517192617063 -0.99975503001 -0.999375195272 -0.999775025311 -0.0493562931728 -0.999750031247 -0.0457080887512 -0.0452207150303 -0.0391629160138 -0.998940561602 -0.996725373324 -0.0466666734352 -0.0481035163285 -0.9995750903 -0.999955001012
-0.995505132291 -0.99452504251 -0.0418175153377 -0.998061880584 -0.991035423583 -0.0427047552833 -0.992627312587 -0.993098922559 -0.0400837204867 -0.998151710195 -0.0378015564983 -0.99711417203 -0.996720389709 -0.0439962885394 -0.046547126802 -0.036453237652 -0.993362128647 -0.0459948888787 -0.996725373324 -0.0363006366245 -0.0399740414215 44.2403838576 -0.0413162249595 -0.997877256214 -0.0440363433841 -0.997193944355 -0.0482359830567 -0.0452207150303 -0.0434401999703 -0.0381702065852 -0.996545978902 -0.997592901718 -0.0404272991774 -0.0399726423545 -0.999630068442 -0.0423280623653 -0.0456320481048 -0.0343118329616 -0.999320231148 -0.050116248606 -0.0398732342894 -0.0468256101643 -0.0426230539309 -0.0391682033644 -0.0407129115395 -0.044836846997 -0.996640655267 -0.999215308032 -0.997957089588 -0.999480135177 -0.996720389709 -0.0427250448604 -0.995968149821 -0.0523083115441 -0.998715825259 -0.996755275533 -0.0397299487148 -0.0482169336059 -0.038153224622 -0.996381562381 -0.0417379288013 -0.0367416239143 -0.997662735666 -0.0417836568649 -0.0424399560847 -0.0401888775299 -0.0368490662456 -0.0482632440876 -0.0432860442335 -0.99995000125 -0.999190327961 -0.0440960530736 -0.0411897845989 -0.9999600008 -0.0389301992193 -0.0410596250168 -0.988368178843 -0.998655904107 -0.0397937664825 -0.992403996566 -0.999480135177 -0.0440960530736 -0.0400821171699 -0.997393403089 -0.0432819322547 -0.993620436379 -0.0385384050935 -0.0413823838324 -0.03912866345 -0.993416765067 -0.0401503147206 -0.995783912756 -0.998376319598 -0.999180336108 -0.044005308703 -0.0325647455701 -0.996316799684 -0.996042850234 -0.0426601521232 -0.0393546948971
-0.0515767133512 -0.0497069756797 -0.9999800002 -0.0431617755782 -0.0568212445169 -0.996740324316 -0.0518552031133 -0.0543872786942 -0.998056890287 -0.0447219878542 -0.999235292538 -0.0498882387699 -0.0442073152588 -0.999390186012 -0.998630938022 -0.998116775497 -0.0513546393025 -0.999075427681 -0.0415017368838 -0.998541065281 -0.999635066604 -0.0413162249595 57.977691108 -0.0471686878284 -0.999480135177 -0.0491317408444 -0.998031939176 -0.997982038827 -0.999350211204 -0.998201619028 -0.0483117730296 -0.0486409261788 -0.99995000125 -0.999900005 -0.0442238961107 -0.999735035109 -0.998536072589 -0.997159043177 -0.0451060001637 -0.996755275533 -0.99987000845 -0.99855604351 -0.999820016199 -0.999030470298 -0.999830014449 -0.999375195272 -0.0503727462082 -0.045337308421 -0.046606046176 -0.0434102365708 -0.0498944751895 -0.997074288261 -0.0514584805182 -0.995350840954 -0.0456877531767 -0.049625523049 -0.999550101235 -0.99733854796 -0.996640655267 -0.0508881597685 -0.999415171079 -0.998835678349 -0.0421146339049 -0.99999000005 -0.999915003612 -0.998655904107 -0.998476162222 -0.997478185131 -0.999595082001 -0.0417135192534 -0.0373041760558 -0.999495127491 -0.999095409389 -0.0422555319509 -0.9995750903 -0.99951012003 -0.0505961395033 -0.0470226913076 -0.999815017111 -0.0557696758981 -0.0429851745777 -0.999495127491 -0.999875007812 -0.0485515091635 -0.999800019999 -0.0534387040826 -0.999600079989 -0.9999600008 -0.99884067254 -0.0510481997214 -0.999935002112 -0.0472914859852 -0.0467404650593 -0.0405199837759 -0.998476162222 -0.995684339343 -0.0482610722905 -0.049727111082 -0.99987000845 -0.999680051195
-0.999320231148 -0.999135374005 -0.0477362123666 -0.999135374005 -0.997074288261 -0.0485714193636 -0.998376319598 -0.998301444182 -0.0458944997615 -0.999675052807 -0.0432079833948 -0.999235292538 -0.998940561602 -0.0501154968679 -0.0529628264105 -0.0417836568649 -0.998715825259 -0.0523973113021 -0.997797429227 -0.0415256072446 -0.0456272569913 -0.997877256214 -0.0471686878284 44.6615070544 -0.0501686474594 -0.999815017111 -0.054867998813 -0.0514253004999 -0.0495960046454 -0.0435639633091 -0.999815017111 -0.999815017111 -0.046183855039 -0.045675875905 -0.998855655262 -0.0482610722905 -0.0519138326123 -0.0393546948971 -0.999495127491 -0.0570238886399 -0.0455417860385 -0.0532770298693 -0.0486022720096 -0.0447007499544 -0.0464636496525 -0.0510729641031 -0.998061880584 -0.999590084039 -0.9999800002 -0.997458235767 -0.997592901718 -0.0488771632884 -0.999135374005 -0.0594496822909 -0.997592901718 -0.999775025311 -0.045350911654 -0.0547860324399 -0.0435032339488 -0.998201619028 -0.0475787046097 -0.042072119598 -0.998536072589 -0.0476904075925 -0.0484104296421 -0.0458197526623 -0.0422204744103 -0.0548468786993 -0.0493286613863 -0.998376319598 -0.99482841891 -0.0503070526488 -0.0469515058669 -0.998336385344 -0.0445292055762 -0.0468265466858 -0.995485222388 -0.999180336108 -0.0454873961087 -0.997503122397 -0.999255277444 -0.0503070526488 -0.0457712094569 -0.999915003612 -0.0493782616109 -0.998675877425 -0.0440502170173 -0.0472583935287 -0.0446489271475 -0.998720818851 -0.0458628434793 -0.999350211204 -0.99995000125 -0.998156700966 -0.050078174727 -0.0373489679368 -0.999735035109 -0.999710042046 -0.0486518716185 -0.0449472814192
